 POTIM  0.100000000000000     
 AUTO           1
 INI_CONTROL           3
 TEMP_REFINE   6.00000000000000     
 STEP_PLUS           4
 step_length  4.000000000000000E-002
           2           5   1.45016000000000     
 POTIM  0.100000000000000     
     2         -0.07603      -2.32650       1.28095
     5          0.41172       5.19951       2.63428
   1.45016000000000        1.44381913548976                1
 AUTO           1
 INI_CONTROL           3
 TEMP_REFINE   6.00000000000000     
 STEP_PLUS           4
 step_length  4.000000000000000E-002
 POTIM  0.100000000000000     
     2         -0.05602      -2.15975       1.34746
     5          0.21941       3.76432       0.53425
   1.45016000000000        1.44470544985225                1
 AUTO           1
 INI_CONTROL           3
 TEMP_REFINE   6.00000000000000     
 STEP_PLUS           4
 step_length  4.000000000000000E-002
 POTIM  0.100000000000000     
     2         -0.02978      -1.89612       1.27704
     5          0.15893       2.41534      -0.42219
   1.45016000000000        1.44588293390913                1
 AUTO           1
 INI_CONTROL           3
 TEMP_REFINE   6.00000000000000     
 STEP_PLUS           4
 step_length  4.000000000000000E-002
 POTIM  0.100000000000000     
     2         -0.00872      -1.62202       1.10769
     5          0.11537       1.35149      -0.72385
   1.45016000000000        1.44702047823095                1
 AUTO           1
 INI_CONTROL           3
 TEMP_REFINE   6.00000000000000     
 STEP_PLUS           4
 step_length  4.000000000000000E-002
 POTIM  0.100000000000000     
     2          0.00827      -1.29533       0.83781
     5          0.05104       0.34438      -0.82212
   1.45016000000000        1.44824956464074                1
 AUTO           1
 INI_CONTROL           3
 TEMP_REFINE   6.00000000000000     
 STEP_PLUS           4
 step_length  4.000000000000000E-002
 POTIM  0.100000000000000     
     2          0.01258      -1.10667       0.62536
     5          0.03148       0.01274      -0.74315
   1.45016000000000        1.44880073921392                1
 AUTO           1
 INI_CONTROL           3
 TEMP_REFINE   6.00000000000000     
 STEP_PLUS           4
 step_length  4.000000000000000E-002
 POTIM  0.100000000000000     
     2          0.01412      -0.79462       0.27210
     5         -0.00199      -0.39175      -0.51065
   1.45016000000000        1.44960645612068                1
 AUTO           1
 INI_CONTROL           3
 TEMP_REFINE   6.00000000000000     
 STEP_PLUS           4
 step_length  4.000000000000000E-002
 POTIM  0.100000000000000     
     2          0.01403      -0.64006       0.09222
     5         -0.00975      -0.45217      -0.31271
   1.45016000000000        1.44989614101664                1
 AUTO           1
 INI_CONTROL           3
 TEMP_REFINE   6.00000000000000     
 STEP_PLUS           4
 step_length  4.000000000000000E-002
 POTIM  0.100000000000000     
     2          0.01454      -0.38563      -0.17154
     5         -0.01863      -0.49955       0.01632
   1.45016000000000        1.45030373540008                2
 AUTO           1
 INI_CONTROL           3
 TEMP_REFINE   6.00000000000000     
 STEP_PLUS           4
 step_length  4.000000000000000E-002
 POTIM  0.100000000000000     
     2          0.01661      -0.32350      -0.22476
     5         -0.01244      -0.46341       0.03958
   1.45016000000000        1.45034354097226                2
 AUTO           1
 INI_CONTROL           3
 TEMP_REFINE   6.00000000000000     
 STEP_PLUS           4
 step_length  4.000000000000000E-002
 POTIM  0.100000000000000     
     2          0.02281      -0.11205      -0.37833
     5         -0.01338      -0.31344       0.15713
   1.45016000000000        1.45045707951265                2
 AUTO           1
 INI_CONTROL           3
 TEMP_REFINE   6.00000000000000     
 STEP_PLUS           4
 step_length  4.000000000000000E-002
 POTIM  0.100000000000000     
     2          0.02430      -0.08086      -0.37806
     5         -0.00588      -0.33291       0.13063
   1.45016000000000        1.45049804067141                2
 AUTO           1
 INI_CONTROL           3
 TEMP_REFINE   6.00000000000000     
 STEP_PLUS           4
 step_length  4.000000000000000E-002
 POTIM  0.100000000000000     
     2          0.02802       0.03747      -0.36952
     5          0.01266      -0.38703       0.06673
   1.45016000000000        1.45064044467127                2
 AUTO           1
 INI_CONTROL           3
 TEMP_REFINE   6.00000000000000     
 STEP_PLUS           4
 step_length  4.000000000000000E-002
 POTIM  0.100000000000000     
     2          0.02949       0.09234      -0.37602
     5          0.00589      -0.40947       0.06474
   1.45016000000000        1.45071176392483                2
 AUTO           1
 INI_CONTROL           3
 TEMP_REFINE   6.00000000000000     
 STEP_PLUS           4
 step_length  4.000000000000000E-002
 POTIM  0.100000000000000     
     2          0.02893       0.08802      -0.37522
     5          0.00515      -0.40483       0.06795
   1.45016000000000        1.45070419393640                2
 AUTO           1
 INI_CONTROL           3
 TEMP_REFINE   6.00000000000000     
 STEP_PLUS           4
 step_length  4.000000000000000E-002
 POTIM  0.100000000000000     
     2          0.02666       0.09908      -0.37555
     5          0.00629      -0.42513       0.09239
   1.45016000000000        1.45073792935538                2
 AUTO           1
 INI_CONTROL           3
 TEMP_REFINE   6.00000000000000     
 STEP_PLUS           4
 step_length  4.000000000000000E-002
 POTIM  0.100000000000000     
     2          0.02941       0.05698      -0.37380
     5          0.00845      -0.37025       0.07333
   1.45016000000000        1.45064587795252                2
 AUTO           1
 INI_CONTROL           3
 TEMP_REFINE   6.00000000000000     
 STEP_PLUS           4
 step_length  4.000000000000000E-002
 POTIM  0.100000000000000     
     2          0.03464      -0.05383      -0.36719
     5          0.01936      -0.24329       0.04657
   1.45016000000000        1.45042384637306                2
 AUTO           1
 INI_CONTROL           3
 TEMP_REFINE   6.00000000000000     
 STEP_PLUS           4
 step_length  4.000000000000000E-002
 POTIM  0.100000000000000     
     2          0.03777      -0.12042      -0.35463
     5          0.01302      -0.17174       0.02969
   1.45016000000000        1.45029303144771                2
 AUTO           1
 INI_CONTROL           3
 TEMP_REFINE   6.00000000000000     
 STEP_PLUS           4
 step_length  4.000000000000000E-002
 POTIM  0.100000000000000     
     2          0.03911      -0.13153      -0.34474
     5          0.00897      -0.13893       0.01351
   1.45016000000000        1.45024876557810                2
 AUTO           1
 INI_CONTROL           3
 TEMP_REFINE   6.00000000000000     
 STEP_PLUS           4
 step_length  4.000000000000000E-002
 POTIM  0.100000000000000     
     2          0.03863      -0.10808      -0.33295
     5          0.01798      -0.12810      -0.00949
   1.45016000000000        1.45025361496324                2
 AUTO           1
 INI_CONTROL           3
 TEMP_REFINE   6.00000000000000     
 STEP_PLUS           4
 step_length  4.000000000000000E-002
 POTIM  0.100000000000000     
     2          0.03607      -0.06037      -0.32014
     5          0.02114      -0.15102      -0.01767
   1.45016000000000        1.45031349575507                2
 AUTO           1
 INI_CONTROL           3
 TEMP_REFINE   6.00000000000000     
 STEP_PLUS           4
 step_length  4.000000000000000E-002
 POTIM  0.100000000000000     
     2          0.03558      -0.04014      -0.32603
     5          0.01882      -0.17543      -0.01973
   1.45016000000000        1.45035426956438                2
 AUTO           1
 INI_CONTROL           3
 TEMP_REFINE   6.00000000000000     
 STEP_PLUS           4
 step_length  4.000000000000000E-002
 POTIM  0.100000000000000     
     2          0.03487      -0.01777      -0.32659
     5          0.01809      -0.19489      -0.01240
   1.45016000000000        1.45039391145430                2
 AUTO           1
 INI_CONTROL           3
 TEMP_REFINE   6.00000000000000     
 STEP_PLUS           4
 step_length  4.000000000000000E-002
 POTIM  0.100000000000000     
     2          0.03503      -0.02189      -0.32811
     5          0.01901      -0.19081      -0.01439
   1.45016000000000        1.45038634332683                2
 AUTO           1
 INI_CONTROL           3
 TEMP_REFINE   6.00000000000000     
 STEP_PLUS           4
 step_length  4.000000000000000E-002
 POTIM  0.100000000000000     
     2          0.03589      -0.06311      -0.32090
     5          0.02032      -0.14215      -0.03293
   1.45016000000000        1.45029968996698                2
 AUTO           1
 INI_CONTROL           3
 TEMP_REFINE   6.00000000000000     
 STEP_PLUS           4
 step_length  4.000000000000000E-002
 POTIM  0.100000000000000     
     2          0.03430      -0.07289      -0.30636
     5          0.03390      -0.10175      -0.06171
   1.45016000000000        1.45024513532751                2
 AUTO           1
 INI_CONTROL           3
 TEMP_REFINE   6.00000000000000     
 STEP_PLUS           4
 step_length  4.000000000000000E-002
 POTIM  0.100000000000000     
     2          0.03584      -0.07046      -0.31944
     5          0.02223      -0.13473      -0.04278
   1.45016000000000        1.45028371271401                2
 AUTO           1
 INI_CONTROL           3
 TEMP_REFINE   6.00000000000000     
 STEP_PLUS           4
 step_length  4.000000000000000E-002
 POTIM  0.100000000000000     
     2          0.03419      -0.03759      -0.31784
     5          0.02284      -0.16314      -0.02568
   1.45016000000000        1.45034265670009                2
 AUTO           1
 INI_CONTROL           3
 TEMP_REFINE   6.00000000000000     
 STEP_PLUS           4
 step_length  4.000000000000000E-002
 POTIM  0.100000000000000     
     2          0.03458      -0.03788      -0.32032
     5          0.02265      -0.15976      -0.02507
   1.45016000000000        1.45034009858545                2
 AUTO           1
 INI_CONTROL           3
 TEMP_REFINE   6.00000000000000     
 STEP_PLUS           4
 step_length  4.000000000000000E-002
 POTIM  0.100000000000000     
     2          0.03504      -0.04096      -0.32089
     5          0.02131      -0.15971      -0.02151
   1.45016000000000        1.45033818031497                2
 AUTO           1
 INI_CONTROL           3
 TEMP_REFINE   6.00000000000000     
 STEP_PLUS           4
 step_length  4.000000000000000E-002
 POTIM  0.100000000000000     
     2          0.03328      -0.00484      -0.32087
     5          0.02070      -0.19569      -0.01372
   1.45016000000000        1.45040496032810                2
 AUTO           1
 INI_CONTROL           3
 TEMP_REFINE   6.00000000000000     
 STEP_PLUS           4
 step_length  4.000000000000000E-002
 POTIM  0.100000000000000     
     2          0.03526      -0.05246      -0.32069
     5          0.02162      -0.13850      -0.02420
   1.45016000000000        1.45030826048965                2
 AUTO           1
 INI_CONTROL           3
 TEMP_REFINE   6.00000000000000     
 STEP_PLUS           4
 step_length  4.000000000000000E-002
 POTIM  0.100000000000000     
     2          0.03448      -0.04442      -0.31927
     5          0.02122      -0.15218      -0.02156
   1.45016000000000        1.45032796783595                2
 AUTO           1
 INI_CONTROL           3
 TEMP_REFINE   6.00000000000000     
 STEP_PLUS           4
 step_length  4.000000000000000E-002
 POTIM  0.100000000000000     
     2          0.03405      -0.07676      -0.31684
     5          0.01949      -0.10502      -0.02533
   1.45016000000000        1.45025510588994                2
 AUTO           1
 INI_CONTROL           3
 TEMP_REFINE   6.00000000000000     
 STEP_PLUS           4
 step_length  4.000000000000000E-002
 POTIM  0.100000000000000     
     2          0.03381       0.00227      -0.32512
     5          0.02061      -0.21095      -0.00843
   1.45016000000000        1.45042713409358                2
 AUTO           1
 INI_CONTROL           3
 TEMP_REFINE   6.00000000000000     
 STEP_PLUS           4
 step_length  4.000000000000000E-002
 POTIM  0.100000000000000     
     2          0.03269      -0.04705      -0.31591
     5          0.01947      -0.14105      -0.01870
   1.45016000000000        1.45031561356631                2
 AUTO           1
 INI_CONTROL           3
 TEMP_REFINE   6.00000000000000     
 STEP_PLUS           4
 step_length  4.000000000000000E-002
 POTIM  0.100000000000000     
     2          0.03084      -0.02236      -0.31279
     5          0.01972      -0.16877      -0.01583
   1.45016000000000        1.45036275139978                2
 AUTO           1
 INI_CONTROL           3
 TEMP_REFINE   6.00000000000000     
 STEP_PLUS           4
 step_length  4.000000000000000E-002
 POTIM  0.100000000000000     
     2          0.02438      -0.00494      -0.29803
     5          0.01774      -0.15705      -0.02875
   1.45016000000000        1.45036186783564                2
 AUTO           1
 INI_CONTROL           3
 TEMP_REFINE   6.00000000000000     
 STEP_PLUS           4
 step_length  4.000000000000000E-002
 POTIM  0.100000000000000     
     2          0.03015      -0.00137      -0.31552
     5          0.02093      -0.17862      -0.01555
   1.45016000000000        1.45039128922752                2
 AUTO           1
 INI_CONTROL           3
 TEMP_REFINE   6.00000000000000     
 STEP_PLUS           4
 step_length  4.000000000000000E-002
 POTIM  0.100000000000000     
     2          0.02670       0.03465      -0.31170
     5          0.01657      -0.20878      -0.01845
   1.45016000000000        1.45044928702767                2
 AUTO           1
 INI_CONTROL           3
 TEMP_REFINE   6.00000000000000     
 STEP_PLUS           4
 step_length  4.000000000000000E-002
 POTIM  0.100000000000000     
     2          0.02825      -0.00120      -0.30951
     5          0.01819      -0.16572      -0.02140
   1.45016000000000        1.45037727426369                2
 AUTO           1
 INI_CONTROL           3
 TEMP_REFINE   6.00000000000000     
 STEP_PLUS           4
 step_length  4.000000000000000E-002
 POTIM  0.100000000000000     
     2          0.02944       0.00006      -0.31134
     5          0.01785      -0.17627      -0.02154
   1.45016000000000        1.45038818394165                2
 AUTO           1
 INI_CONTROL           3
 TEMP_REFINE   6.00000000000000     
 STEP_PLUS           4
 step_length  4.000000000000000E-002
 POTIM  0.100000000000000     
     2          0.03819      -0.05434      -0.32078
     5          0.01425      -0.15434      -0.02931
   1.45016000000000        1.45031955748409                2
 AUTO           1
 INI_CONTROL           3
 TEMP_REFINE   6.00000000000000     
 STEP_PLUS           4
 step_length  4.000000000000000E-002
 POTIM  0.100000000000000     
     2          0.02986       0.04133      -0.31789
     5          0.01768      -0.24220      -0.01139
   1.45016000000000        1.45048813688718                2
 AUTO           1
 INI_CONTROL           3
 TEMP_REFINE   6.00000000000000     
 STEP_PLUS           4
 step_length  4.000000000000000E-002
 POTIM  0.100000000000000     
     2          0.03436       0.00659      -0.32363
     5          0.01826      -0.20563      -0.01191
   1.45016000000000        1.45042532958149                2
 AUTO           1
 INI_CONTROL           3
 TEMP_REFINE   6.00000000000000     
 STEP_PLUS           4
 step_length  4.000000000000000E-002
 POTIM  0.100000000000000     
     2          0.03846      -0.01489      -0.33020
     5          0.02200      -0.20697      -0.01752
   1.45016000000000        1.45040710256932                2
 AUTO           1
 INI_CONTROL           3
 TEMP_REFINE   6.00000000000000     
 STEP_PLUS           4
 step_length  4.000000000000000E-002
 POTIM  0.100000000000000     
     2          0.03746      -0.00724      -0.32918
     5          0.01915      -0.21851      -0.02056
   1.45016000000000        1.45042336556842                2
 AUTO           1
 INI_CONTROL           3
 TEMP_REFINE   6.00000000000000     
 STEP_PLUS           4
 step_length  4.000000000000000E-002
 POTIM  0.100000000000000     
     2          0.04617      -0.00829      -0.35565
     5          0.01192      -0.23333      -0.02667
   1.45016000000000        1.45043998064080                2
 AUTO           1
 INI_CONTROL           3
 TEMP_REFINE   6.00000000000000     
 STEP_PLUS           4
 step_length  4.000000000000000E-002
 POTIM  0.100000000000000     
     2          0.03137       0.02809      -0.31633
     5          0.02167      -0.21550       0.00163
   1.45016000000000        1.45045519366930                2
 AUTO           1
 INI_CONTROL           3
 TEMP_REFINE   6.00000000000000     
 STEP_PLUS           4
 step_length  4.000000000000000E-002
 POTIM  0.100000000000000     
     2          0.03028       0.06607      -0.31845
     5          0.01844      -0.26082       0.00511
   1.45016000000000        1.45053120645991                2
 AUTO           1
 INI_CONTROL           3
 TEMP_REFINE   6.00000000000000     
 STEP_PLUS           4
 step_length  4.000000000000000E-002
 POTIM  0.100000000000000     
     2          0.03273      -0.00414      -0.31546
     5          0.02002      -0.18365      -0.01044
   1.45016000000000        1.45039454652508                2
 AUTO           1
 INI_CONTROL           3
 TEMP_REFINE   6.00000000000000     
 STEP_PLUS           4
 step_length  4.000000000000000E-002
 POTIM  0.100000000000000     
     2          0.03473      -0.05536      -0.31236
     5          0.02132      -0.13700      -0.02273
   1.45016000000000        1.45030296664832                2
 AUTO           1
 INI_CONTROL           3
 TEMP_REFINE   6.00000000000000     
 STEP_PLUS           4
 step_length  4.000000000000000E-002
 POTIM  0.100000000000000     
     2          0.03501      -0.06243      -0.31320
     5          0.02030      -0.13533      -0.02803
   1.45016000000000        1.45029404203451                2
 AUTO           1
 INI_CONTROL           3
 TEMP_REFINE   6.00000000000000     
 STEP_PLUS           4
 step_length  4.000000000000000E-002
 POTIM  0.100000000000000     
     2          0.03369      -0.01149      -0.31580
     5          0.01879      -0.19947      -0.01886
   1.45016000000000        1.45040001982148                2
 AUTO           1
 INI_CONTROL           3
 TEMP_REFINE   6.00000000000000     
 STEP_PLUS           4
 step_length  4.000000000000000E-002
 POTIM  0.100000000000000     
     2          0.03500      -0.07531      -0.31451
     5          0.02495      -0.10541      -0.03184
   1.45016000000000        1.45025518162234                2
 AUTO           1
 INI_CONTROL           3
 TEMP_REFINE   6.00000000000000     
 STEP_PLUS           4
 step_length  4.000000000000000E-002
 POTIM  0.100000000000000     
     2          0.03640      -0.11058      -0.30711
     5          0.02425      -0.08282      -0.03464
   1.45016000000000        1.45020049120187                2
 AUTO           1
 INI_CONTROL           3
 TEMP_REFINE   6.00000000000000     
 STEP_PLUS           4
 step_length  4.000000000000000E-002
 POTIM  0.100000000000000     
     2          0.03670      -0.11519      -0.30593
     5          0.02709      -0.06645      -0.03012
   1.45016000000000        1.45018239735439                2
 AUTO           1
 INI_CONTROL           3
 TEMP_REFINE   6.00000000000000     
 STEP_PLUS           4
 step_length  4.000000000000000E-002
 POTIM  0.100000000000000     
     2          0.03627      -0.11561      -0.30704
     5          0.03030      -0.05968      -0.02437
   1.45016000000000        1.45017768942804                2
 AUTO           1
 INI_CONTROL           3
 TEMP_REFINE   6.00000000000000     
 STEP_PLUS           4
 step_length  4.000000000000000E-002
 POTIM  0.100000000000000     
     2          0.03558      -0.12128      -0.31315
     5          0.03074      -0.06805      -0.03136
   1.45016000000000        1.45018009803133                2
 AUTO           1
 INI_CONTROL           3
 TEMP_REFINE   6.00000000000000     
 STEP_PLUS           4
 step_length  4.000000000000000E-002
 POTIM  0.100000000000000     
     2          0.03502      -0.08327      -0.31048
     5          0.02109      -0.11686      -0.03633
   1.45016000000000        1.45025604712857                2
 AUTO           1
 INI_CONTROL           3
 TEMP_REFINE   6.00000000000000     
 STEP_PLUS           4
 step_length  4.000000000000000E-002
 POTIM  0.100000000000000     
     2          0.03401      -0.06001      -0.31396
     5          0.02411      -0.12614      -0.02545
   1.45016000000000        1.45028888558217                2
 AUTO           1
 INI_CONTROL           3
 TEMP_REFINE   6.00000000000000     
 STEP_PLUS           4
 step_length  4.000000000000000E-002
 POTIM  0.100000000000000     
     2          0.03352      -0.04873      -0.31718
     5          0.02374      -0.13985      -0.02896
   1.45016000000000        1.45031125843832                2
 AUTO           1
 INI_CONTROL           3
 TEMP_REFINE   6.00000000000000     
 STEP_PLUS           4
 step_length  4.000000000000000E-002
 POTIM  0.100000000000000     
     2          0.03398      -0.05636      -0.31451
     5          0.02265      -0.13724      -0.03122
   1.45016000000000        1.45030082638451                2
 AUTO           1
 INI_CONTROL           3
 TEMP_REFINE   6.00000000000000     
 STEP_PLUS           4
 step_length  4.000000000000000E-002
 POTIM  0.100000000000000     
     2          0.03344      -0.03546      -0.31466
     5          0.01900      -0.16556      -0.02742
   1.45016000000000        1.45034589639271                2
 AUTO           1
 INI_CONTROL           3
 TEMP_REFINE   6.00000000000000     
 STEP_PLUS           4
 step_length  4.000000000000000E-002
 POTIM  0.100000000000000     
     2          0.03438      -0.00927      -0.31278
     5          0.02534      -0.15968      -0.01077
   1.45016000000000        1.45036765166315                2
 AUTO           1
 INI_CONTROL           3
 TEMP_REFINE   6.00000000000000     
 STEP_PLUS           4
 step_length  4.000000000000000E-002
 POTIM  0.100000000000000     
     2          0.03148      -0.02100      -0.32304
     5          0.02143      -0.18236      -0.02075
   1.45016000000000        1.45037771865785                2
 AUTO           1
 INI_CONTROL           3
 TEMP_REFINE   6.00000000000000     
 STEP_PLUS           4
 step_length  4.000000000000000E-002
 POTIM  0.100000000000000     
     2          0.03221       0.02077      -0.31695
     5          0.01949      -0.21093      -0.01085
   1.45016000000000        1.45044156128314                2
 AUTO           1
 INI_CONTROL           3
 TEMP_REFINE   6.00000000000000     
 STEP_PLUS           4
 step_length  4.000000000000000E-002
 POTIM  0.100000000000000     
     2          0.02977      -0.00796      -0.33125
     5          0.02013      -0.19677      -0.02193
   1.45016000000000        1.45040416191849                2
 AUTO           1
 INI_CONTROL           3
 TEMP_REFINE   6.00000000000000     
 STEP_PLUS           4
 step_length  4.000000000000000E-002
 POTIM  0.100000000000000     
     2          0.02972       0.03756      -0.32882
     5          0.01833      -0.25613      -0.01360
   1.45016000000000        1.45049938796883                2
 AUTO           1
 INI_CONTROL           3
 TEMP_REFINE   6.00000000000000     
 STEP_PLUS           4
 step_length  4.000000000000000E-002
 POTIM  0.100000000000000     
     2          0.02800      -0.04188      -0.33349
     5          0.02057      -0.17911      -0.04663
   1.45016000000000        1.45035261241111                2
 AUTO           1
 INI_CONTROL           3
 TEMP_REFINE   6.00000000000000     
 STEP_PLUS           4
 step_length  4.000000000000000E-002
 POTIM  0.100000000000000     
     2          0.02544      -0.03370      -0.33408
     5          0.01914      -0.20135      -0.04071
   1.45016000000000        1.45038154549592                2
 AUTO           1
 INI_CONTROL           3
 TEMP_REFINE   6.00000000000000     
 STEP_PLUS           4
 step_length  4.000000000000000E-002
 POTIM  0.100000000000000     
     2          0.02711      -0.01356      -0.33414
     5          0.01390      -0.23830      -0.03663
   1.45016000000000        1.45043351619412                2
 AUTO           1
 INI_CONTROL           3
 TEMP_REFINE   6.00000000000000     
 STEP_PLUS           4
 step_length  4.000000000000000E-002
 POTIM  0.100000000000000     
     2          0.02391      -0.02400      -0.34176
     5          0.01931      -0.22329      -0.04046
   1.45016000000000        1.45041196752407                2
 AUTO           1
 INI_CONTROL           3
 TEMP_REFINE   6.00000000000000     
 STEP_PLUS           4
 step_length  4.000000000000000E-002
 POTIM  0.100000000000000     
     2          0.02447       0.02194      -0.34095
     5          0.01585      -0.27622      -0.02996
   1.45016000000000        1.45050258750876                2
 AUTO           1
 INI_CONTROL           3
 TEMP_REFINE   6.00000000000000     
 STEP_PLUS           4
 step_length  4.000000000000000E-002
 POTIM  0.100000000000000     
     2          0.02117      -0.03631      -0.34386
     5          0.01297      -0.24799      -0.05656
   1.45016000000000        1.45041972660541                2
 AUTO           1
 INI_CONTROL           3
 TEMP_REFINE   6.00000000000000     
 STEP_PLUS           4
 step_length  4.000000000000000E-002
 POTIM  0.100000000000000     
     2          0.01833      -0.01451      -0.34421
     5          0.01774      -0.26418      -0.04056
   1.45016000000000        1.45045788225634                2
 AUTO           1
 INI_CONTROL           3
 TEMP_REFINE   6.00000000000000     
 STEP_PLUS           4
 step_length  4.000000000000000E-002
 POTIM  0.100000000000000     
     2          0.01699       0.02635      -0.34891
     5          0.01604      -0.30627      -0.03287
   1.45016000000000        1.45053512267688                2
 AUTO           1
 INI_CONTROL           3
 TEMP_REFINE   6.00000000000000     
 STEP_PLUS           4
 step_length  4.000000000000000E-002
 POTIM  0.100000000000000     
     2          0.01954      -0.04775      -0.34303
     5          0.01574      -0.22968      -0.05136
   1.45016000000000        1.45039438379334                2
 AUTO           1
 INI_CONTROL           3
 TEMP_REFINE   6.00000000000000     
 STEP_PLUS           4
 step_length  4.000000000000000E-002
 POTIM  0.100000000000000     
     2          0.02016      -0.06679      -0.33739
     5          0.01643      -0.22344      -0.06072
   1.45016000000000        1.45036796228660                2
 AUTO           1
 INI_CONTROL           3
 TEMP_REFINE   6.00000000000000     
 STEP_PLUS           4
 step_length  4.000000000000000E-002
 POTIM  0.100000000000000     
     2          0.02081      -0.08347      -0.33487
     5          0.01732      -0.19826      -0.05425
   1.45016000000000        1.45033149471193                2
 AUTO           1
 INI_CONTROL           3
 TEMP_REFINE   6.00000000000000     
 STEP_PLUS           4
 step_length  4.000000000000000E-002
 POTIM  0.100000000000000     
     2          0.02134      -0.09019      -0.33151
     5          0.01912      -0.18653      -0.05394
   1.45016000000000        1.45031417799197                2
 AUTO           1
 INI_CONTROL           3
 TEMP_REFINE   6.00000000000000     
 STEP_PLUS           4
 step_length  4.000000000000000E-002
 POTIM  0.100000000000000     
     2          0.02260      -0.09225      -0.32161
     5          0.02169      -0.13783      -0.03727
   1.45016000000000        1.45027031227081                2
 AUTO           1
 INI_CONTROL           3
 TEMP_REFINE   6.00000000000000     
 STEP_PLUS           4
 step_length  4.000000000000000E-002
 POTIM  0.100000000000000     
     2          0.02396      -0.06931      -0.30818
     5          0.01958      -0.14275      -0.01942
   1.45016000000000        1.45029625580444                2
 AUTO           1
 INI_CONTROL           3
 TEMP_REFINE   6.00000000000000     
 STEP_PLUS           4
 step_length  4.000000000000000E-002
 POTIM  0.100000000000000     
     2          0.02279      -0.04918      -0.31727
     5          0.02241      -0.15728      -0.02360
   1.45016000000000        1.45032873110986                2
 AUTO           1
 INI_CONTROL           3
 TEMP_REFINE   6.00000000000000     
 STEP_PLUS           4
 step_length  4.000000000000000E-002
 POTIM  0.100000000000000     
     2          0.02110      -0.00646      -0.32290
     5          0.01901      -0.22156      -0.03054
   1.45016000000000        1.45042414067665                2
 AUTO           1
 INI_CONTROL           3
 TEMP_REFINE   6.00000000000000     
 STEP_PLUS           4
 step_length  4.000000000000000E-002
 POTIM  0.100000000000000     
     2          0.02251      -0.04033      -0.31792
     5          0.01621      -0.17712      -0.04041
   1.45016000000000        1.45035039322641                2
 AUTO           1
 INI_CONTROL           3
 TEMP_REFINE   6.00000000000000     
 STEP_PLUS           4
 step_length  4.000000000000000E-002
 POTIM  0.100000000000000     
     2          0.02316      -0.04569      -0.31420
     5          0.01942      -0.16708      -0.03473
   1.45016000000000        1.45033707891038                2
 AUTO           1
 INI_CONTROL           3
 TEMP_REFINE   6.00000000000000     
 STEP_PLUS           4
 step_length  4.000000000000000E-002
 POTIM  0.100000000000000     
     2          0.02448      -0.05925      -0.30845
     5          0.02820      -0.14500      -0.02668
   1.45016000000000        1.45030571336368                2
 AUTO           1
 INI_CONTROL           3
 TEMP_REFINE   6.00000000000000     
 STEP_PLUS           4
 step_length  4.000000000000000E-002
 POTIM  0.100000000000000     
     2          0.02253      -0.01425      -0.31734
     5          0.02201      -0.18513      -0.02533
   1.45016000000000        1.45038457023586                2
 AUTO           1
 INI_CONTROL           3
 TEMP_REFINE   6.00000000000000     
 STEP_PLUS           4
 step_length  4.000000000000000E-002
 POTIM  0.100000000000000     
     2          0.02305      -0.00631      -0.31621
     5          0.02255      -0.20508      -0.02266
   1.45016000000000        1.45040982409704                2
 AUTO           1
 INI_CONTROL           3
 TEMP_REFINE   6.00000000000000     
 STEP_PLUS           4
 step_length  4.000000000000000E-002
 POTIM  0.100000000000000     
     2          0.02123      -0.02681      -0.32021
     5          0.02624      -0.21189      -0.03449
   1.45016000000000        1.45039561411892                2
 AUTO           1
 INI_CONTROL           3
 TEMP_REFINE   6.00000000000000     
 STEP_PLUS           4
 step_length  4.000000000000000E-002
 POTIM  0.100000000000000     
     2          0.02112       0.02031      -0.32664
     5          0.01457      -0.25807      -0.02632
   1.45016000000000        1.45048265602541                2
 AUTO           1
 INI_CONTROL           3
 TEMP_REFINE   6.00000000000000     
 STEP_PLUS           4
 step_length  4.000000000000000E-002
 POTIM  0.100000000000000     
     2          0.02125      -0.06521      -0.32596
     5          0.01853      -0.19688      -0.05384
   1.45016000000000        1.45034437771993                2
 AUTO           1
 INI_CONTROL           3
 TEMP_REFINE   6.00000000000000     
 STEP_PLUS           4
 step_length  4.000000000000000E-002
 POTIM  0.100000000000000     
     2          0.02004      -0.05479      -0.32727
     5          0.01803      -0.21428      -0.04794
   1.45016000000000        1.45037107596716                2
 AUTO           1
 INI_CONTROL           3
 TEMP_REFINE   6.00000000000000     
 STEP_PLUS           4
 step_length  4.000000000000000E-002
 POTIM  0.100000000000000     
     2          0.02105      -0.03810      -0.32756
     5          0.01517      -0.23055      -0.05012
   1.45016000000000        1.45040003925353                2
 AUTO           1
 INI_CONTROL           3
 TEMP_REFINE   6.00000000000000     
 STEP_PLUS           4
 step_length  4.000000000000000E-002
 POTIM  0.100000000000000     
     2          0.01887      -0.10519      -0.33093
     5          0.01128      -0.20876      -0.07514
   1.45016000000000        1.45031529352130                2
 AUTO           1
 INI_CONTROL           3
 TEMP_REFINE   6.00000000000000     
 STEP_PLUS           4
 step_length  4.000000000000000E-002
 POTIM  0.100000000000000     
     2          0.01937      -0.01088      -0.33101
     5          0.02134      -0.24568      -0.03251
   1.45016000000000        1.45044320952634                2
 AUTO           1
 INI_CONTROL           3
 TEMP_REFINE   6.00000000000000     
 STEP_PLUS           4
 step_length  4.000000000000000E-002
 POTIM  0.100000000000000     
     2          0.01861      -0.00269      -0.33492
     5          0.01593      -0.27101      -0.02690
   1.45016000000000        1.45047558977085                2
 AUTO           1
 INI_CONTROL           3
 TEMP_REFINE   6.00000000000000     
 STEP_PLUS           4
 step_length  4.000000000000000E-002
 POTIM  0.100000000000000     
     2          0.02227      -0.00961      -0.31953
     5          0.01320      -0.21579      -0.01471
   1.45016000000000        1.45041912943200                2
 AUTO           1
 INI_CONTROL           3
 TEMP_REFINE   6.00000000000000     
 STEP_PLUS           4
 step_length  4.000000000000000E-002
 POTIM  0.100000000000000     
     2          0.02952      -0.00757      -0.27778
     5          0.03028      -0.14288       0.03031
   1.45016000000000        1.45035619976361                2
 AUTO           1
 INI_CONTROL           3
 TEMP_REFINE   6.00000000000000     
 STEP_PLUS           4
 step_length  4.000000000000000E-002
 POTIM  0.100000000000000     
     2          0.02953       0.02518      -0.27837
     5          0.02538      -0.19071       0.01824
   1.45016000000000        1.45042555533948                2
 AUTO           1
 INI_CONTROL           3
 TEMP_REFINE   6.00000000000000     
 STEP_PLUS           4
 step_length  4.000000000000000E-002
 POTIM  0.100000000000000     
     2          0.02945       0.03406      -0.28141
     5          0.02496      -0.18573       0.02157
   1.45016000000000        1.45043068939878                2
 AUTO           1
 INI_CONTROL           3
 TEMP_REFINE   6.00000000000000     
 STEP_PLUS           4
 step_length  4.000000000000000E-002
 POTIM  0.100000000000000     
     2          0.03122      -0.04732      -0.26383
     5          0.02275      -0.09855       0.03250
   1.45016000000000        1.45027794103562                2
 AUTO           1
 INI_CONTROL           3
 TEMP_REFINE   6.00000000000000     
 STEP_PLUS           4
 step_length  4.000000000000000E-002
 POTIM  0.100000000000000     
     2          0.03285      -0.08803      -0.24784
     5          0.02656      -0.05396       0.03306
   1.45016000000000        1.45019754245610                2
 AUTO           1
 INI_CONTROL           3
 TEMP_REFINE   6.00000000000000     
 STEP_PLUS           4
 step_length  4.000000000000000E-002
 POTIM  0.100000000000000     
     2          0.03270      -0.03125      -0.26174
     5          0.02513      -0.09901       0.02381
   1.45016000000000        1.45029026826962                2
 AUTO           1
 INI_CONTROL           3
 TEMP_REFINE   6.00000000000000     
 STEP_PLUS           4
 step_length  4.000000000000000E-002
 POTIM  0.100000000000000     
     2          0.03258      -0.02472      -0.25719
     5          0.02030      -0.12835       0.01451
   1.45016000000000        1.45031898230154                2
 AUTO           1
 INI_CONTROL           3
 TEMP_REFINE   6.00000000000000     
 STEP_PLUS           4
 step_length  4.000000000000000E-002
 POTIM  0.100000000000000     
     2          0.03262      -0.02326      -0.25591
     5          0.02623      -0.11967       0.01769
   1.45016000000000        1.45031300361713                2
 AUTO           1
 INI_CONTROL           3
 TEMP_REFINE   6.00000000000000     
 STEP_PLUS           4
 step_length  4.000000000000000E-002
 POTIM  0.100000000000000     
     2          0.03325       0.01699      -0.25595
     5          0.02378      -0.14999       0.02284
   1.45016000000000        1.45037761457466                2
 AUTO           1
 INI_CONTROL           3
 TEMP_REFINE   6.00000000000000     
 STEP_PLUS           4
 step_length  4.000000000000000E-002
 POTIM  0.100000000000000     
     2          0.03257      -0.04324      -0.25529
     5          0.02492      -0.08239       0.01521
   1.45016000000000        1.45026101842604                2
 AUTO           1
 INI_CONTROL           3
 TEMP_REFINE   6.00000000000000     
 STEP_PLUS           4
 step_length  4.000000000000000E-002
 POTIM  0.100000000000000     
     2          0.03189      -0.04884      -0.25706
     5          0.02846      -0.07484       0.00574
   1.45016000000000        1.45024737368161                2
 AUTO           1
 INI_CONTROL           3
 TEMP_REFINE   6.00000000000000     
 STEP_PLUS           4
 step_length  4.000000000000000E-002
 POTIM  0.100000000000000     
     2          0.03065      -0.02293      -0.25927
     5          0.03420      -0.09709      -0.00394
   1.45016000000000        1.45028876750418                2
 AUTO           1
 INI_CONTROL           3
 TEMP_REFINE   6.00000000000000     
 STEP_PLUS           4
 step_length  4.000000000000000E-002
 POTIM  0.100000000000000     
     2          0.03090      -0.01789      -0.26167
     5          0.03178      -0.11265      -0.00588
   1.45016000000000        1.45030730763072                2
 AUTO           1
 INI_CONTROL           3
 TEMP_REFINE   6.00000000000000     
 STEP_PLUS           4
 step_length  4.000000000000000E-002
 POTIM  0.100000000000000     
     2          0.03206      -0.04537      -0.25437
     5          0.02501      -0.09635      -0.00662
   1.45016000000000        1.45026605696249                2
 AUTO           1
 INI_CONTROL           3
 TEMP_REFINE   6.00000000000000     
 STEP_PLUS           4
 step_length  4.000000000000000E-002
 POTIM  0.100000000000000     
     2          0.03231      -0.03177      -0.25462
     5          0.02561      -0.10641      -0.00070
   1.45016000000000        1.45028884616132                2
 AUTO           1
 INI_CONTROL           3
 TEMP_REFINE   6.00000000000000     
 STEP_PLUS           4
 step_length  4.000000000000000E-002
 POTIM  0.100000000000000     
     2          0.03217       0.00183      -0.26096
     5          0.02556      -0.13561       0.00562
   1.45016000000000        1.45034819791434                2
 AUTO           1
 INI_CONTROL           3
 TEMP_REFINE   6.00000000000000     
 STEP_PLUS           4
 step_length  4.000000000000000E-002
 POTIM  0.100000000000000     
     2          0.03265      -0.03786      -0.25403
     5          0.02533      -0.09346      -0.00280
   1.45016000000000        1.45027118889547                2
 AUTO           1
 INI_CONTROL           3
 TEMP_REFINE   6.00000000000000     
 STEP_PLUS           4
 step_length  4.000000000000000E-002
 POTIM  0.100000000000000     
     2          0.03273      -0.02538      -0.25512
     5          0.02533      -0.10346       0.00200
   1.45016000000000        1.45029280621543                2
 AUTO           1
 INI_CONTROL           3
 TEMP_REFINE   6.00000000000000     
 STEP_PLUS           4
 step_length  4.000000000000000E-002
 POTIM  0.100000000000000     
     2          0.03382      -0.05398      -0.24788
     5          0.02749      -0.06546      -0.00419
   1.45016000000000        1.45023007384235                2
 AUTO           1
 INI_CONTROL           3
 TEMP_REFINE   6.00000000000000     
 STEP_PLUS           4
 step_length  4.000000000000000E-002
 POTIM  0.100000000000000     
     2          0.03275      -0.00690      -0.25612
     5          0.02718      -0.11277       0.00279
   1.45016000000000        1.45031826519267                2
 AUTO           1
 INI_CONTROL           3
 TEMP_REFINE   6.00000000000000     
 STEP_PLUS           4
 step_length  4.000000000000000E-002
 POTIM  0.100000000000000     
     2          0.03228      -0.02634      -0.26209
     5          0.02778      -0.10320       0.00476
   1.45016000000000        1.45029375947551                2
 AUTO           1
 INI_CONTROL           3
 TEMP_REFINE   6.00000000000000     
 STEP_PLUS           4
 step_length  4.000000000000000E-002
 POTIM  0.100000000000000     
     2          0.03600      -0.02025      -0.23923
     5          0.03320      -0.03088      -0.02845
   1.45016000000000        1.45022229180376                2
 AUTO           1
 INI_CONTROL           3
 TEMP_REFINE   6.00000000000000     
 STEP_PLUS           4
 step_length  4.000000000000000E-002
 POTIM  0.100000000000000     
     2          0.03622      -0.03739      -0.23800
     5          0.03550      -0.01279      -0.03301
   1.45016000000000        1.45018928971040                2
 AUTO           1
 INI_CONTROL           3
 TEMP_REFINE   6.00000000000000     
 STEP_PLUS           4
 step_length  4.000000000000000E-002
 POTIM  0.100000000000000     
     2          0.03491       0.07960      -0.24951
     5          0.02428      -0.14053      -0.00224
   1.45016000000000        1.45041895143290                2
 AUTO           1
 INI_CONTROL           3
 TEMP_REFINE   6.00000000000000     
 STEP_PLUS           4
 step_length  4.000000000000000E-002
 POTIM  0.100000000000000     
     2          0.03528       0.01166      -0.24535
     5          0.02389      -0.06237      -0.01794
   1.45016000000000        1.45028319320509                2
 AUTO           1
 INI_CONTROL           3
 TEMP_REFINE   6.00000000000000     
 STEP_PLUS           4
 step_length  4.000000000000000E-002
 POTIM  0.100000000000000     
     2          0.03249       0.00489      -0.25850
     5          0.02606      -0.10548       0.02320
   1.45016000000000        1.45032815575640                2
 AUTO           1
 INI_CONTROL           3
 TEMP_REFINE   6.00000000000000     
 STEP_PLUS           4
 step_length  4.000000000000000E-002
 POTIM  0.100000000000000     
     2          0.03405      -0.05006      -0.25176
     5          0.02982      -0.03482       0.00591
   1.45016000000000        1.45020964452945                2
 AUTO           1
 INI_CONTROL           3
 TEMP_REFINE   6.00000000000000     
 STEP_PLUS           4
 step_length  4.000000000000000E-002
 POTIM  0.100000000000000     
     2          0.03336      -0.00911      -0.25478
     5          0.02609      -0.09089       0.00851
   1.45016000000000        1.45029798228604                2
 AUTO           1
 INI_CONTROL           3
 TEMP_REFINE   6.00000000000000     
 STEP_PLUS           4
 step_length  4.000000000000000E-002
 POTIM  0.100000000000000     
     2          0.03344       0.00032      -0.25618
     5          0.02602      -0.10108       0.00082
   1.45016000000000        1.45031396865850                2
 AUTO           1
 INI_CONTROL           3
 TEMP_REFINE   6.00000000000000     
 STEP_PLUS           4
 step_length  4.000000000000000E-002
